Filename: /home/bernardo/Scrivania/FISICA/ASTROFISICA/Astr_Oss/Progetti/proj_3/data_files/18-04-22/giove/giove_spec.fit
No.    Name      Ver    Type      Cards   Dimensions   Format
  0  PRIMARY       1 PrimaryHDU      35   (1392, 1040)   int16 (rescales to uint16)   
NEWS [568 791 0 None] [624 735 21 None]
Start [624 735 21 None]
N = 1040
K = 1
[624 735 21 None]
Start [624 735 21 None]
N = 1392
K = 3
[624 735 21 1392]
Start [568 791 0 None]
N = 1040
K = 1
[568 791 0 None]
Start [568 791 0 None]
N = 1392
K = 3
[568 791 0 1392]
 - HEADER -
SIMPLE  =                    T                                                  
BITPIX  =                   16 /8 unsigned int, 16 & 32 int, -32 & -64 real     
NAXIS   =                    2 /number of axes                                  
NAXIS1  =                 1392 /fastest changing axis                           
NAXIS2  =                 1040 /next to fastest changing axis                   
BSCALE  =   1.0000000000000000 /physical = BZERO + BSCALE*array_value           
BZERO   =   32768.000000000000 /physical = BZERO + BSCALE*array_value           
DATE-OBS= '2018-04-22T02:45:31' /YYYY-MM-DDThh:mm:ss observation start, UT      
EXPTIME =   60.000000000000000 /Exposure time in seconds                        
EXPOSURE=   60.000000000000000 /Exposure time in seconds                        
XPIXSZ  =   6.4492200000000004 /Pixel Width in microns (after binning)          
YPIXSZ  =   6.4492200000000004 /Pixel Height in microns (after binning)         
XBINNING=                    1 /Binning factor in width                         
YBINNING=                    1 /Binning factor in height                        
XORGSUBF=                    0 /Subframe X position in binned pixels            
YORGSUBF=                    0 /Subframe Y position in binned pixels            
IMAGETYP= 'Light Frame' /       Type of image                                   
SITELAT = '42 55 58' /          Latitude of the imaging location                
SITELONG= '10 29 53' /          Longitude of the imaging location               
JD      =   2458230.6149421297 /Julian Date at start of exposure                
FOCALLEN=   2880.0000000000000 /Focal length of telescope in mm                 
APTDIA  =   360.00000000000000 /Aperture diameter of telescope in mm            
APTAREA =   84677.108440446857 /Aperture area of telescope in mm^2              
SWCREATE= 'MaxIm DL Version 5.15' /Name of software that created the image      
SBSTDVER= 'SBFITSEXT Version 1.0' /Version of SBFITSEXT standard in effect      
OBJECT  = '        '                                                            
TELESCOP= '        ' /          telescope used to acquire this image            
INSTRUME= 'SXV-H9  ' /          instrument or camera used                       
OBSERVER= '        '                                                            
NOTES   = '        '                                                            
FLIPSTAT= '        '                                                            
CBLACK  =                 1761 /Initial display black level in ADUs             
CWHITE  =                 5152 /Initial display white level in ADUs             
PEDESTAL=                    0 /Correction to add for zero-based ADU            
SWOWNER = 'FOXMASTER' /         Licensed owner of software                      
END                                                                                                                                                                                                                                                                                                                                                                                                                                                                                                                                                                                                                                                                                                                                                                                                                                                                                                                                                                                                                                                                                                                                                                                                                                                                                                                                                                                                                                                                                                                                                                                                                                                                                                                                                                                                                                                                                                                                                                                                                                                                                                                                                                                                                                                                                                                                                                                                                                                                                                                                                                                                                                                                                                                                                                                                                                                                                                                                                                                                                                          

Filename: /home/bernardo/Scrivania/FISICA/ASTROFISICA/Astr_Oss/Progetti/proj_3/data_files/18-04-22/giove/giove_spec_cal.fit
No.    Name      Ver    Type      Cards   Dimensions   Format
  0  PRIMARY       1 PrimaryHDU      36   (1392, 1040)   int16 (rescales to uint16)   
NEWS [0 None 0 None] [0 None 0 None]
Start [0 None 0 None]
N = 1040
K = 1
[0 1040 0 None]
Start [0 1040 0 None]
N = 1392
K = 3
[0 1040 0 1392]
Start [0 None 0 None]
N = 1040
K = 1
[0 1040 0 None]
Start [0 1040 0 None]
N = 1392
K = 3
[0 1040 0 1392]
 - HEADER -
SIMPLE  =                    T                                                  
BITPIX  =                   16 /8 unsigned int, 16 & 32 int, -32 & -64 real     
NAXIS   =                    2 /number of axes                                  
NAXIS1  =                 1392 /fastest changing axis                           
NAXIS2  =                 1040 /next to fastest changing axis                   
BSCALE  =   1.0000000000000000 /physical = BZERO + BSCALE*array_value           
BZERO   =   32768.000000000000 /physical = BZERO + BSCALE*array_value           
DATE-OBS= '2018-04-22T02:47:37' /YYYY-MM-DDThh:mm:ss observation start, UT      
EXPTIME =   10.000000000000000 /Exposure time in seconds                        
EXPOSURE=   10.000000000000000 /Exposure time in seconds                        
XPIXSZ  =   6.4492200000000004 /Pixel Width in microns (after binning)          
YPIXSZ  =   6.4492200000000004 /Pixel Height in microns (after binning)         
XBINNING=                    1 /Binning factor in width                         
YBINNING=                    1 /Binning factor in height                        
XORGSUBF=                    0 /Subframe X position in binned pixels            
YORGSUBF=                    0 /Subframe Y position in binned pixels            
IMAGETYP= 'Light Frame' /       Type of image                                   
SITELAT = '42 55 58' /          Latitude of the imaging location                
SITELONG= '10 29 53' /          Longitude of the imaging location               
JD      =   2458230.6164004630 /Julian Date at start of exposure                
FOCALLEN=   2880.0000000000000 /Focal length of telescope in mm                 
APTDIA  =   360.00000000000000 /Aperture diameter of telescope in mm            
APTAREA =   84677.108440446857 /Aperture area of telescope in mm^2              
SWCREATE= 'MaxIm DL Version 5.15' /Name of software that created the image      
SBSTDVER= 'SBFITSEXT Version 1.0' /Version of SBFITSEXT standard in effect      
OBJECT  = '        '                                                            
TELESCOP= '        ' /          telescope used to acquire this image            
INSTRUME= 'SXV-H9  ' /          instrument or camera used                       
OBSERVER= '        '                                                            
NOTES   = '        '                                                            
FLIPSTAT= '        '                                                            
CSTRETCH= 'Medium  ' /          Initial display stretch mode                    
CBLACK  =                 1822 /Initial display black level in ADUs             
CWHITE  =                12380 /Initial display white level in ADUs             
PEDESTAL=                    0 /Correction to add for zero-based ADU            
SWOWNER = 'FOXMASTER' /         Licensed owner of software                      
END                                                                                                                                                                                                                                                                                                                                                                                                                                                                                                                                                                                                                                                                                                                                                                                                                                                                                                                                                                                                                                                                                                                                                                                                                                                                                                                                                                                                                                                                                                                                                                                                                                                                                                                                                                                                                                                                                                                                                                                                                                                                                                                                                                                                                                                                                                                                                                                                                                                                                                                                                                                                                                                                                                                                                                                                                                                                                                                                                         

TARGET [568 791 0 1392]
TARGET [624 735 21 1392]
[0.08051761] [0.08123652]
[[  0 112]
 [108 221]]
27
curve_fit
XERR None

Fit results:
	mode : curve_fit
	m: 7.76e-02 +/- 7.1e-03  -->  9.09 %	init : 0.081
	q: 5.98e+01 +/- 5.6e+00  -->  9.39 %	init : 0.0
	corr_m-q	 = -0.86
[[ 4.97704799e-05 -3.39785140e-02]
 [-3.39785140e-02  3.14779481e+01]]
First Inclination Angle : 4.44e+00 +/- 4.0e-01 deg  -->  9.05 %
Inclination Angle : 4.44e+00 +/- 4.0e-01 deg  -->  9.05 %
(4.438931290635864, 0.4017900758486022)
curve_fit
XERR [1 1 1 1 1 1 1 1 1 1 1 1 1 1 1 1 1 1 1 1 1 1 1 1 1 1 1 1 1 1 1 1 1 1 1 1 1
 1 1 1 1 1 1 1 1 1 1 1 1 1 1 1 1 1 1 1 1 1 1 1 1 1 1 1 1 1 1 1 1 1 1 1 1 1
 1 1 1 1 1 1 1 1 1 1 1 1 1 1 1 1 1 1 1 1 1 1 1 1 1 1 1 1 1 1 1 1 1 1 1 1 1]

Fit results:
	mode : curve_fit
	par_2: -5.40e-01 +/- 1.4e-02  -->  2.62 %	init : -0.2
	par_1: 6.23e+01 +/- 1.6e+00  -->  2.64 %	init : 1.0
	par_0: 2.390e+03 +/- 5.0e+01  -->  2.08 %	init : 1.0
	corr_par_2-par_1	 = -0.95
	corr_par_2-par_0	 = 0.8
	corr_par_1-par_0	 = -0.94
[[ 2.00356221e-04 -2.21223034e-02  5.59146881e-01]
 [-2.21223034e-02  2.69935833e+00 -7.64239390e+01]
 [ 5.59146881e-01 -7.64239390e+01  2.46551371e+03]]
curve_fit
XERR [1 1 1 1 1 1 1 1 1 1 1 1 1 1 1 1 1 1 1 1 1 1 1 1 1 1 1 1 1 1 1 1 1 1 1 1 1
 1 1 1 1 1 1 1 1 1 1 1 1 1 1 1 1 1 1 1 1 1 1 1 1 1 1 1 1 1 1 1 1 1 1 1 1 1
 1 1 1 1 1 1 1 1 1 1 1 1 1 1 1 1 1 1 1 1 1 1 1 1 1 1 1 1 1 1 1 1 1 1 1 1 1]

Fit results:
	mode : curve_fit
	par_2: -5.35e-01 +/- 1.7e-02  -->  3.09 %	init : -0.2
	par_1: 6.07e+01 +/- 1.9e+00  -->  3.16 %	init : 1.0
	par_0: 2.496e+03 +/- 5.8e+01  -->  2.32 %	init : 1.0
	corr_par_2-par_1	 = -0.95
	corr_par_2-par_0	 = 0.8
	corr_par_1-par_0	 = -0.94
[[ 2.73507484e-04 -3.01503013e-02  7.64569418e-01]
 [-3.01503013e-02  3.67827056e+00 -1.04309147e+02]
 [ 7.64569418e-01 -1.04309147e+02  3.35356611e+03]]
curve_fit
XERR [1 1 1 1 1 1 1 1 1 1 1 1 1 1 1 1 1 1 1 1 1 1 1 1 1 1 1 1 1 1 1 1 1 1 1 1 1
 1 1 1 1 1 1 1 1 1 1 1 1 1 1 1 1 1 1 1 1 1 1 1 1 1 1 1 1 1 1 1 1 1 1 1 1 1
 1 1 1 1 1 1 1 1 1 1 1 1 1 1 1 1 1 1 1 1 1 1 1 1 1 1 1 1 1 1 1 1 1 1 1 1 1]

Fit results:
	mode : curve_fit
	par_2: -5.86e-01 +/- 1.5e-02  -->  2.53 %	init : -0.2
	par_1: 6.35e+01 +/- 1.7e+00  -->  2.71 %	init : 1.0
	par_0: 2.617e+03 +/- 5.2e+01  -->  1.97 %	init : 1.0
	corr_par_2-par_1	 = -0.95
	corr_par_2-par_0	 = 0.81
	corr_par_1-par_0	 = -0.95
[[ 2.19916488e-04 -2.41755128e-02  6.17279138e-01]
 [-2.41755128e-02  2.94909947e+00 -8.36744852e+01]
 [ 6.17279138e-01 -8.36744852e+01  2.65323237e+03]]
curve_fit
XERR [1 1 1 1 1 1 1 1 1 1 1 1 1 1 1 1 1 1 1 1 1 1 1 1 1 1 1 1 1 1 1 1 1 1 1 1 1
 1 1 1 1 1 1 1 1 1 1 1 1 1 1 1 1 1 1 1 1 1 1 1 1 1 1 1 1 1 1 1 1 1 1 1 1 1
 1 1 1 1 1 1 1 1 1 1 1 1 1 1 1 1 1 1 1 1 1 1 1 1 1 1 1 1 1 1 1 1 1 1 1 1 1]

Fit results:
	mode : curve_fit
	par_2: -6.76e-01 +/- 1.3e-02  -->  1.87 %	init : -0.2
	par_1: 7.51e+01 +/- 1.5e+00  -->  1.95 %	init : 1.0
	par_0: 2.583e+03 +/- 4.4e+01  -->  1.70 %	init : 1.0
	corr_par_2-par_1	 = -0.95
	corr_par_2-par_0	 = 0.8
	corr_par_1-par_0	 = -0.94
[[ 1.60262828e-04 -1.76422934e-02  4.44313072e-01]
 [-1.76422934e-02  2.14768179e+00 -6.03107468e+01]
 [ 4.44313072e-01 -6.03107468e+01  1.91679449e+03]]
curve_fit
XERR [1 1 1 1 1 1 1 1 1 1 1 1 1 1 1 1 1 1 1 1 1 1 1 1 1 1 1 1 1 1 1 1 1 1 1 1 1
 1 1 1 1 1 1 1 1 1 1 1 1 1 1 1 1 1 1 1 1 1 1 1 1 1 1 1 1 1 1 1 1 1 1 1 1 1
 1 1 1 1 1 1 1 1 1 1 1 1 1 1 1 1 1 1 1 1 1 1 1 1 1 1 1 1 1 1 1 1 1 1 1 1 1]

Fit results:
	mode : curve_fit
	par_2: -6.39e-01 +/- 1.1e-02  -->  1.74 %	init : -0.2
	par_1: 6.90e+01 +/- 1.3e+00  -->  1.88 %	init : 1.0
	par_0: 2.748e+03 +/- 4.0e+01  -->  1.47 %	init : 1.0
	corr_par_2-par_1	 = -0.94
	corr_par_2-par_0	 = 0.82
	corr_par_1-par_0	 = -0.96
[[ 1.24033890e-04 -1.36360711e-02  3.66842765e-01]
 [-1.36360711e-02  1.68215171e+00 -5.02200757e+01]
 [ 3.66842765e-01 -5.02200757e+01  1.63094901e+03]]
curve_fit
XERR [1 1 1 1 1 1 1 1 1 1 1 1 1 1 1 1 1 1 1 1 1 1 1 1 1 1 1 1 1 1 1 1 1 1 1 1 1
 1 1 1 1 1 1 1 1 1 1 1 1 1 1 1 1 1 1 1 1 1 1 1 1 1 1 1 1 1 1 1 1 1 1 1 1 1
 1 1 1 1 1 1 1 1 1 1 1 1 1 1 1 1 1 1 1 1 1 1 1 1 1 1 1 1 1 1 1 1 1 1 1 1 1]

Fit results:
	mode : curve_fit
	par_2: -6.52e-01 +/- 1.3e-02  -->  1.97 %	init : -0.2
	par_1: 7.13e+01 +/- 1.5e+00  -->  2.08 %	init : 1.0
	par_0: 2.607e+03 +/- 4.4e+01  -->  1.70 %	init : 1.0
	corr_par_2-par_1	 = -0.95
	corr_par_2-par_0	 = 0.8
	corr_par_1-par_0	 = -0.94
[[ 1.64881854e-04 -1.81241561e-02  4.58489002e-01]
 [-1.81241561e-02  2.20657612e+00 -6.21404447e+01]
 [ 4.58489002e-01 -6.21404447e+01  1.96967945e+03]]
curve_fit
XERR [1 1 1 1 1 1 1 1 1 1 1 1 1 1 1 1 1 1 1 1 1 1 1 1 1 1 1 1 1 1 1 1 1 1 1 1 1
 1 1 1 1 1 1 1 1 1 1 1 1 1 1 1 1 1 1 1 1 1 1 1 1 1 1 1 1 1 1 1 1 1 1 1 1 1
 1 1 1 1 1 1 1 1 1 1 1 1 1 1 1 1 1 1 1 1 1 1 1 1 1 1 1 1 1 1 1 1 1 1 1 1 1]

Fit results:
	mode : curve_fit
	par_2: -6.73e-01 +/- 3.3e-02  -->  4.87 %	init : -0.2
	par_1: 7.47e+01 +/- 3.8e+00  -->  5.08 %	init : 1.0
	par_0: 2.55e+03 +/- 1.1e+02  -->  4.45 %	init : 1.0
	corr_par_2-par_1	 = -0.95
	corr_par_2-par_0	 = 0.8
	corr_par_1-par_0	 = -0.94
[[ 1.07302859e-03 -1.18122755e-01  2.97483891e+00]
 [-1.18122755e-01  1.43796602e+01 -4.03701182e+02]
 [ 2.97483891e+00 -4.03701182e+02  1.28223887e+04]]
curve_fit
XERR [1 1 1 1 1 1 1 1 1 1 1 1 1 1 1 1 1 1 1 1 1 1 1 1 1 1 1 1 1 1 1 1 1 1 1 1 1
 1 1 1 1 1 1 1 1 1 1 1 1 1 1 1 1 1 1 1 1 1 1 1 1 1 1 1 1 1 1 1 1 1 1 1 1 1
 1 1 1 1 1 1 1 1 1 1 1 1 1 1 1 1 1 1 1 1 1 1 1 1 1 1 1 1 1 1 1 1 1 1 1 1 1]

Fit results:
	mode : curve_fit
	par_2: -7.01e-01 +/- 1.2e-02  -->  1.70 %	init : -0.2
	par_1: 7.65e+01 +/- 1.4e+00  -->  1.80 %	init : 1.0
	par_0: 2.680e+03 +/- 4.1e+01  -->  1.53 %	init : 1.0
	corr_par_2-par_1	 = -0.95
	corr_par_2-par_0	 = 0.8
	corr_par_1-par_0	 = -0.94
[[ 1.42421276e-04 -1.56544942e-02  3.93686916e-01]
 [-1.56544942e-02  1.90351416e+00 -5.32634035e+01]
 [ 3.93686916e-01 -5.32634035e+01  1.68101577e+03]]
curve_fit
XERR [1 1 1 1 1 1 1 1 1 1 1 1 1 1 1 1 1 1 1 1 1 1 1 1 1 1 1 1 1 1 1 1 1 1 1 1 1
 1 1 1 1 1 1 1 1 1 1 1 1 1 1 1 1 1 1 1 1 1 1 1 1 1 1 1 1 1 1 1 1 1 1 1 1 1
 1 1 1 1 1 1 1 1 1 1 1 1 1 1 1 1 1 1 1 1 1 1 1 1 1 1 1 1 1 1 1 1 1 1 1 1 1]

Fit results:
	mode : curve_fit
	par_2: -6.45e-01 +/- 1.2e-02  -->  1.81 %	init : -0.2
	par_1: 7.15e+01 +/- 1.4e+00  -->  1.89 %	init : 1.0
	par_0: 2.598e+03 +/- 4.0e+01  -->  1.55 %	init : 1.0
	corr_par_2-par_1	 = -0.95
	corr_par_2-par_0	 = 0.8
	corr_par_1-par_0	 = -0.94
[[ 1.36073840e-04 -1.49794551e-02  3.77342120e-01]
 [-1.49794551e-02  1.82361633e+00 -5.12066226e+01]
 [ 3.77342120e-01 -5.12066226e+01  1.62637527e+03]]
curve_fit
XERR [1 1 1 1 1 1 1 1 1 1 1 1 1 1 1 1 1 1 1 1 1 1 1 1 1 1 1 1 1 1 1 1 1 1 1 1 1
 1 1 1 1 1 1 1 1 1 1 1 1 1 1 1 1 1 1 1 1 1 1 1 1 1 1 1 1 1 1 1 1 1 1 1 1 1
 1 1 1 1 1 1 1 1 1 1 1 1 1 1 1 1 1 1 1 1 1 1 1 1 1 1 1 1 1 1 1 1 1 1 1 1 1]

Fit results:
	mode : curve_fit
	par_2: -7.207e-01 +/- 9.7e-03  -->  1.34 %	init : -0.2
	par_1: 7.92e+01 +/- 1.1e+00  -->  1.42 %	init : 1.0
	par_0: 2.599e+03 +/- 3.5e+01  -->  1.34 %	init : 1.0
	corr_par_2-par_1	 = -0.95
	corr_par_2-par_0	 = 0.81
	corr_par_1-par_0	 = -0.95
[[ 9.36211379e-05 -1.02952205e-02  2.73470534e-01]
 [-1.02952205e-02  1.26674611e+00 -3.74744621e+01]
 [ 2.73470534e-01 -3.74744621e+01  1.21955628e+03]]
curve_fit
XERR [1 1 1 1 1 1 1 1 1 1 1 1 1 1 1 1 1 1 1 1 1 1 1 1 1 1 1 1 1 1 1 1 1 1 1 1 1
 1 1 1 1 1 1 1 1 1 1 1 1 1 1 1 1 1 1 1 1 1 1 1 1 1 1 1 1 1 1 1 1 1 1 1 1 1
 1 1 1 1 1 1 1 1 1 1 1 1 1 1 1 1 1 1 1 1 1 1 1 1 1 1 1 1 1 1 1 1 1 1 1 1 1]

Fit results:
	mode : curve_fit
	par_2: -6.97e-01 +/- 1.4e-02  -->  1.96 %	init : -0.2
	par_1: 7.63e+01 +/- 1.6e+00  -->  2.07 %	init : 1.0
	par_0: 2.645e+03 +/- 4.8e+01  -->  1.80 %	init : 1.0
	corr_par_2-par_1	 = -0.95
	corr_par_2-par_0	 = 0.81
	corr_par_1-par_0	 = -0.94
[[ 1.86889681e-04 -2.05446399e-02  5.23880817e-01]
 [-2.05446399e-02  2.50552269e+00 -7.11448775e+01]
 [ 5.23880817e-01 -7.11448775e+01  2.26605196e+03]]
curve_fit
XERR [1 1 1 1 1 1 1 1 1 1 1 1 1 1 1 1 1 1 1 1 1 1 1 1 1 1 1 1 1 1 1 1 1 1 1 1 1
 1 1 1 1 1 1 1 1 1 1 1 1 1 1 1 1 1 1 1 1 1 1 1 1 1 1 1 1 1 1 1 1 1 1 1 1 1
 1 1 1 1 1 1 1 1 1 1 1 1 1 1 1 1 1 1 1 1 1 1 1 1 1 1 1 1 1 1 1 1 1 1 1 1 1]

Fit results:
	mode : curve_fit
	par_2: -7.12e-01 +/- 1.3e-02  -->  1.85 %	init : -0.2
	par_1: 7.83e+01 +/- 1.5e+00  -->  1.96 %	init : 1.0
	par_0: 2.565e+03 +/- 4.8e+01  -->  1.87 %	init : 1.0
	corr_par_2-par_1	 = -0.94
	corr_par_2-par_0	 = 0.81
	corr_par_1-par_0	 = -0.95
[[ 1.74263563e-04 -1.91640287e-02  5.11588593e-01]
 [-1.91640287e-02  2.36057669e+00 -7.01769840e+01]
 [ 5.11588593e-01 -7.01769840e+01  2.28936281e+03]]
curve_fit
XERR [1 1 1 1 1 1 1 1 1 1 1 1 1 1 1 1 1 1 1 1 1 1 1 1 1 1 1 1 1 1 1 1 1 1 1 1 1
 1 1 1 1 1 1 1 1 1 1 1 1 1 1 1 1 1 1 1 1 1 1 1 1 1 1 1 1 1 1 1 1 1 1 1 1 1
 1 1 1 1 1 1 1 1 1 1 1 1 1 1 1 1 1 1 1 1 1 1 1 1 1 1 1 1 1 1 1 1 1 1 1 1 1]

Fit results:
	mode : curve_fit
	par_2: -6.54e-01 +/- 1.3e-02  -->  2.02 %	init : -0.2
	par_1: 7.19e+01 +/- 1.5e+00  -->  2.14 %	init : 1.0
	par_0: 2.695e+03 +/- 4.8e+01  -->  1.77 %	init : 1.0
	corr_par_2-par_1	 = -0.95
	corr_par_2-par_0	 = 0.81
	corr_par_1-par_0	 = -0.95
[[ 1.74637552e-04 -1.92041083e-02  5.09398391e-01]
 [-1.92041083e-02  2.36218123e+00 -6.97837844e+01]
 [ 5.09398391e-01 -6.97837844e+01  2.26944750e+03]]
curve_fit
XERR [1 1 1 1 1 1 1 1 1 1 1 1 1 1 1 1 1 1 1 1 1 1 1 1 1 1 1 1 1 1 1 1 1 1 1 1 1
 1 1 1 1 1 1 1 1 1 1 1 1 1 1 1 1 1 1 1 1 1 1 1 1 1 1 1 1 1 1 1 1 1 1 1 1 1
 1 1 1 1 1 1 1 1 1 1 1 1 1 1 1 1 1 1 1 1 1 1 1 1 1 1 1 1 1 1 1 1 1 1 1 1 1]

Fit results:
	mode : curve_fit
	par_2: -6.63e-01 +/- 1.5e-02  -->  2.20 %	init : -0.2
	par_1: 7.30e+01 +/- 1.7e+00  -->  2.33 %	init : 1.0
	par_0: 2.684e+03 +/- 5.3e+01  -->  1.97 %	init : 1.0
	corr_par_2-par_1	 = -0.95
	corr_par_2-par_0	 = 0.81
	corr_par_1-par_0	 = -0.95
[[ 2.13394191e-04 -2.34805427e-02  6.23793344e-01]
 [-2.34805427e-02  2.89015642e+00 -8.55007392e+01]
 [ 6.23793344e-01 -8.55007392e+01  2.78293214e+03]]
curve_fit
XERR [1 1 1 1 1 1 1 1 1 1 1 1 1 1 1 1 1 1 1 1 1 1 1 1 1 1 1 1 1 1 1 1 1 1 1 1 1
 1 1 1 1 1 1 1 1 1 1 1 1 1 1 1 1 1 1 1 1 1 1 1 1 1 1 1 1 1 1 1 1 1 1 1 1 1
 1 1 1 1 1 1 1 1 1 1 1 1 1 1 1 1 1 1 1 1 1 1 1 1 1 1 1 1 1 1 1 1 1 1 1 1 1]

Fit results:
	mode : curve_fit
	par_2: -6.86e-01 +/- 1.4e-02  -->  2.04 %	init : -0.2
	par_1: 7.53e+01 +/- 1.6e+00  -->  2.16 %	init : 1.0
	par_0: 2.638e+03 +/- 5.0e+01  -->  1.90 %	init : 1.0
	corr_par_2-par_1	 = -0.95
	corr_par_2-par_0	 = 0.81
	corr_par_1-par_0	 = -0.95
[[ 1.95071687e-04 -2.14504350e-02  5.66734129e-01]
 [-2.14504350e-02  2.63618917e+00 -7.75737048e+01]
 [ 5.66734129e-01 -7.75737048e+01  2.51783800e+03]]
curve_fit
XERR [1 1 1 1 1 1 1 1 1 1 1 1 1 1 1 1 1 1 1 1 1 1 1 1 1 1 1 1 1 1 1 1 1 1 1 1 1
 1 1 1 1 1 1 1 1 1 1 1 1 1 1 1 1 1 1 1 1 1 1 1 1 1 1 1 1 1 1 1 1 1 1 1 1 1
 1 1 1 1 1 1 1 1 1 1 1 1 1 1 1 1 1 1 1 1 1 1 1 1 1 1 1 1 1 1 1 1 1 1 1 1 1]

Fit results:
	mode : curve_fit
	par_2: -6.88e-01 +/- 1.6e-02  -->  2.36 %	init : -0.2
	par_1: 7.59e+01 +/- 1.9e+00  -->  2.48 %	init : 1.0
	par_0: 2.612e+03 +/- 5.7e+01  -->  2.17 %	init : 1.0
	corr_par_2-par_1	 = -0.95
	corr_par_2-par_0	 = 0.8
	corr_par_1-par_0	 = -0.94
[[ 2.64144946e-04 -2.90747141e-02  7.42259105e-01]
 [-2.90747141e-02  3.54924042e+00 -1.00942068e+02]
 [ 7.42259105e-01 -1.00942068e+02  3.22305746e+03]]
curve_fit
XERR [1 1 1 1 1 1 1 1 1 1 1 1 1 1 1 1 1 1 1 1 1 1 1 1 1 1 1 1 1 1 1 1 1 1 1 1 1
 1 1 1 1 1 1 1 1 1 1 1 1 1 1 1 1 1 1 1 1 1 1 1 1 1 1 1 1 1 1 1 1 1 1 1 1 1
 1 1 1 1 1 1 1 1 1 1 1 1 1 1 1 1 1 1 1 1 1 1 1 1 1 1 1 1 1 1 1 1 1 1 1 1 1]

Fit results:
	mode : curve_fit
	par_2: -6.71e-01 +/- 1.2e-02  -->  1.79 %	init : -0.2
	par_1: 7.40e+01 +/- 1.4e+00  -->  1.89 %	init : 1.0
	par_0: 2.638e+03 +/- 4.3e+01  -->  1.62 %	init : 1.0
	corr_par_2-par_1	 = -0.95
	corr_par_2-par_0	 = 0.81
	corr_par_1-par_0	 = -0.95
[[ 1.45047079e-04 -1.59625867e-02  4.16357664e-01]
 [-1.59625867e-02  1.95725215e+00 -5.68600846e+01]
 [ 4.16357664e-01 -5.68600846e+01  1.83437546e+03]]
curve_fit
XERR [1 1 1 1 1 1 1 1 1 1 1 1 1 1 1 1 1 1 1 1 1 1 1 1 1 1 1 1 1 1 1 1 1 1 1 1 1
 1 1 1 1 1 1 1 1 1 1 1 1 1 1 1 1 1 1 1 1 1 1 1 1 1 1 1 1 1 1 1 1 1 1 1 1 1
 1 1 1 1 1 1 1 1 1 1 1 1 1 1 1 1 1 1 1 1 1 1 1 1 1 1 1 1 1 1 1 1 1 1 1 1 1]

Fit results:
	mode : curve_fit
	par_2: -7.22e-01 +/- 1.4e-02  -->  1.98 %	init : -0.2
	par_1: 7.77e+01 +/- 1.7e+00  -->  2.13 %	init : 1.0
	par_0: 2.612e+03 +/- 5.0e+01  -->  1.90 %	init : 1.0
	corr_par_2-par_1	 = -0.95
	corr_par_2-par_0	 = 0.81
	corr_par_1-par_0	 = -0.95
[[ 2.03763355e-04 -2.23754411e-02  5.74599632e-01]
 [-2.23754411e-02  2.73114472e+00 -7.79079789e+01]
 [ 5.74599632e-01 -7.79079789e+01  2.47382744e+03]]
curve_fit
XERR [1 1 1 1 1 1 1 1 1 1 1 1 1 1 1 1 1 1 1 1 1 1 1 1 1 1 1 1 1 1 1 1 1 1 1 1 1
 1 1 1 1 1 1 1 1 1 1 1 1 1 1 1 1 1 1 1 1 1 1 1 1 1 1 1 1 1 1 1 1 1 1 1 1 1
 1 1 1 1 1 1 1 1 1 1 1 1 1 1 1 1 1 1 1 1 1 1 1 1 1 1 1 1 1 1 1 1 1 1 1 1 1]

Fit results:
	mode : curve_fit
	par_2: -7.21e-01 +/- 1.0e-02  -->  1.43 %	init : -0.2
	par_1: 7.93e+01 +/- 1.2e+00  -->  1.51 %	init : 1.0
	par_0: 2.632e+03 +/- 3.8e+01  -->  1.43 %	init : 1.0
	corr_par_2-par_1	 = -0.94
	corr_par_2-par_0	 = 0.81
	corr_par_1-par_0	 = -0.96
[[ 1.05793961e-04 -1.16393736e-02  3.13862175e-01]
 [-1.16393736e-02  1.43720115e+00 -4.31470557e+01]
 [ 3.13862175e-01 -4.31470557e+01  1.41436320e+03]]
curve_fit
XERR [1 1 1 1 1 1 1 1 1 1 1 1 1 1 1 1 1 1 1 1 1 1 1 1 1 1 1 1 1 1 1 1 1 1 1 1 1
 1 1 1 1 1 1 1 1 1 1 1 1 1 1 1 1 1 1 1 1 1 1 1 1 1 1 1 1 1 1 1 1 1 1 1 1 1
 1 1 1 1 1 1 1 1 1 1 1 1 1 1 1 1 1 1 1 1 1 1 1 1 1 1 1 1 1 1 1 1 1 1 1 1 1]

Fit results:
	mode : curve_fit
	par_2: -7.13e-01 +/- 1.5e-02  -->  2.06 %	init : -0.2
	par_1: 7.86e+01 +/- 1.7e+00  -->  2.17 %	init : 1.0
	par_0: 2.596e+03 +/- 5.2e+01  -->  2.01 %	init : 1.0
	corr_par_2-par_1	 = -0.95
	corr_par_2-par_0	 = 0.81
	corr_par_1-par_0	 = -0.95
[[ 2.16235996e-04 -2.37975344e-02  6.19099931e-01]
 [-2.37975344e-02  2.91635046e+00 -8.45037532e+01]
 [ 6.19099931e-01 -8.45037532e+01  2.72273504e+03]]
curve_fit
XERR [1 1 1 1 1 1 1 1 1 1 1 1 1 1 1 1 1 1 1 1 1 1 1 1 1 1 1 1 1 1 1 1 1 1 1 1 1
 1 1 1 1 1 1 1 1 1 1 1 1 1 1 1 1 1 1 1 1 1 1 1 1 1 1 1 1 1 1 1 1 1 1 1 1 1
 1 1 1 1 1 1 1 1 1 1 1 1 1 1 1 1 1 1 1 1 1 1 1 1 1 1 1 1 1 1 1 1 1 1 1 1 1]

Fit results:
	mode : curve_fit
	par_2: -6.75e-01 +/- 1.5e-02  -->  2.25 %	init : -0.2
	par_1: 7.45e+01 +/- 1.8e+00  -->  2.36 %	init : 1.0
	par_0: 2.606e+03 +/- 5.3e+01  -->  2.03 %	init : 1.0
	corr_par_2-par_1	 = -0.95
	corr_par_2-par_0	 = 0.8
	corr_par_1-par_0	 = -0.94
[[ 2.29881514e-04 -2.53035386e-02  6.45260870e-01]
 [-2.53035386e-02  3.08817426e+00 -8.77325838e+01]
 [ 6.45260870e-01 -8.77325838e+01  2.79982670e+03]]
curve_fit
XERR [1 1 1 1 1 1 1 1 1 1 1 1 1 1 1 1 1 1 1 1 1 1 1 1 1 1 1 1 1 1 1 1 1 1 1 1 1
 1 1 1 1 1 1 1 1 1 1 1 1 1 1 1 1 1 1 1 1 1 1 1 1 1 1 1 1 1 1 1 1 1 1 1 1 1
 1 1 1 1 1 1 1 1 1 1 1 1 1 1 1 1 1 1 1 1 1 1 1 1 1 1 1 1 1 1 1 1 1 1 1 1 1]

Fit results:
	mode : curve_fit
	par_2: -5.93e-01 +/- 1.2e-02  -->  2.09 %	init : -0.2
	par_1: 6.48e+01 +/- 1.4e+00  -->  2.21 %	init : 1.0
	par_0: 2.691e+03 +/- 4.3e+01  -->  1.59 %	init : 1.0
	corr_par_2-par_1	 = -0.95
	corr_par_2-par_0	 = 0.8
	corr_par_1-par_0	 = -0.94
[[ 1.53330179e-04 -1.68539549e-02  4.25060495e-01]
 [-1.68539549e-02  2.05060414e+00 -5.75615439e+01]
 [ 4.25060495e-01 -5.75615439e+01  1.82081102e+03]]
curve_fit
XERR [1 1 1 1 1 1 1 1 1 1 1 1 1 1 1 1 1 1 1 1 1 1 1 1 1 1 1 1 1 1 1 1 1 1 1 1 1
 1 1 1 1 1 1 1 1 1 1 1 1 1 1 1 1 1 1 1 1 1 1 1 1 1 1 1 1 1 1 1 1 1 1 1 1 1
 1 1 1 1 1 1 1 1 1 1 1 1 1 1 1 1 1 1 1 1 1 1 1 1 1 1 1 1 1 1 1 1 1 1 1 1 1]

Fit results:
	mode : curve_fit
	par_2: -6.73e-01 +/- 1.1e-02  -->  1.66 %	init : -0.2
	par_1: 7.43e+01 +/- 1.3e+00  -->  1.74 %	init : 1.0
	par_0: 2.651e+03 +/- 3.9e+01  -->  1.47 %	init : 1.0
	corr_par_2-par_1	 = -0.95
	corr_par_2-par_0	 = 0.8
	corr_par_1-par_0	 = -0.94
[[ 1.24330375e-04 -1.36850857e-02  3.49647317e-01]
 [-1.36850857e-02  1.67085062e+00 -4.75566795e+01]
 [ 3.49647317e-01 -4.75566795e+01  1.51903383e+03]]
curve_fit
XERR [1 1 1 1 1 1 1 1 1 1 1 1 1 1 1 1 1 1 1 1 1 1 1 1 1 1 1 1 1 1 1 1 1 1 1 1 1
 1 1 1 1 1 1 1 1 1 1 1 1 1 1 1 1 1 1 1 1 1 1 1 1 1 1 1 1 1 1 1 1 1 1 1 1 1
 1 1 1 1 1 1 1 1 1 1 1 1 1 1 1 1 1 1 1 1 1 1 1 1 1 1 1 1 1 1 1 1 1 1 1 1 1]

Fit results:
	mode : curve_fit
	par_2: -6.52e-01 +/- 1.3e-02  -->  1.93 %	init : -0.2
	par_1: 7.20e+01 +/- 1.5e+00  -->  2.03 %	init : 1.0
	par_0: 2.658e+03 +/- 4.4e+01  -->  1.65 %	init : 1.0
	corr_par_2-par_1	 = -0.95
	corr_par_2-par_0	 = 0.8
	corr_par_1-par_0	 = -0.94
[[ 1.58626143e-04 -1.74604720e-02  4.44765521e-01]
 [-1.74604720e-02  2.13048569e+00 -6.04599542e+01]
 [ 4.44765521e-01 -6.04599542e+01  1.92849124e+03]]
curve_fit
XERR [1 1 1 1 1 1 1 1 1 1 1 1 1 1 1 1 1 1 1 1 1 1 1 1 1 1 1 1 1 1 1 1 1 1 1 1 1
 1 1 1 1 1 1 1 1 1 1 1 1 1 1 1 1 1 1 1 1 1 1 1 1 1 1 1 1 1 1 1 1 1 1 1 1 1
 1 1 1 1 1 1 1 1 1 1 1 1 1 1 1 1 1 1 1 1 1 1 1 1 1 1 1 1 1 1 1 1 1 1 1 1 1]

Fit results:
	mode : curve_fit
	par_2: -6.47e-01 +/- 1.6e-02  -->  2.47 %	init : -0.2
	par_1: 7.37e+01 +/- 1.9e+00  -->  2.52 %	init : 1.0
	par_0: 2.324e+03 +/- 5.9e+01  -->  2.54 %	init : 1.0
	corr_par_2-par_1	 = -0.94
	corr_par_2-par_0	 = 0.8
	corr_par_1-par_0	 = -0.95
[[ 2.54542618e-04 -2.80142977e-02  7.55635485e-01]
 [-2.80142977e-02  3.45956565e+00 -1.04588530e+02]
 [ 7.55635485e-01 -1.04588530e+02  3.48385128e+03]]
curve_fit
XERR [1 1 1 1 1 1 1 1 1 1 1 1 1 1 1 1 1 1 1 1 1 1 1 1 1 1 1 1 1 1 1 1 1 1 1 1 1
 1 1 1 1 1 1 1 1 1 1 1 1 1 1 1 1 1 1 1 1 1 1 1 1 1 1 1 1 1 1 1 1 1 1 1 1 1
 1 1 1 1 1 1 1 1 1 1 1 1 1 1 1 1 1 1 1 1 1 1 1 1 1 1 1 1 1 1 1 1 1 1 1 1 1]

Fit results:
	mode : curve_fit
	par_2: -6.70e-01 +/- 1.2e-02  -->  1.81 %	init : -0.2
	par_1: 7.32e+01 +/- 1.4e+00  -->  1.91 %	init : 1.0
	par_0: 2.613e+03 +/- 4.2e+01  -->  1.59 %	init : 1.0
	corr_par_2-par_1	 = -0.95
	corr_par_2-par_0	 = 0.8
	corr_par_1-par_0	 = -0.94
[[ 1.46383382e-04 -1.60902584e-02  4.05460570e-01]
 [-1.60902584e-02  1.95733804e+00 -5.48937424e+01]
 [ 4.05460570e-01 -5.48937424e+01  1.73537032e+03]]
curve_fit
XERR [1 1 1 1 1 1 1 1 1 1 1 1 1 1 1 1 1 1 1 1 1 1 1 1 1 1 1 1 1 1 1 1 1 1 1 1 1
 1 1 1 1 1 1 1 1 1 1 1 1 1 1 1 1 1 1 1 1 1 1 1 1 1 1 1 1 1 1 1 1 1 1 1 1 1
 1 1 1 1 1 1 1 1 1 1 1 1 1 1 1 1 1 1 1 1 1 1 1 1 1 1 1 1 1 1 1 1 1 1 1 1 1]

Fit results:
	mode : curve_fit
	par_2: -6.447e-01 +/- 9.5e-03  -->  1.47 %	init : -0.2
	par_1: 7.50e+01 +/- 1.1e+00  -->  1.47 %	init : 1.0
	par_0: 2.126e+03 +/- 3.4e+01  -->  1.59 %	init : 1.0
	corr_par_2-par_1	 = -0.95
	corr_par_2-par_0	 = 0.8
	corr_par_1-par_0	 = -0.94
[[ 9.01551649e-05 -9.96009300e-03  2.55867975e-01]
 [-9.96009300e-03  1.21978824e+00 -3.51592956e+01]
 [ 2.55867975e-01 -3.51592956e+01  1.14861446e+03]]
curve_fit
XERR [1 1 1 1 1 1 1 1 1 1 1 1 1 1 1 1 1 1 1 1 1 1 1 1 1 1 1 1 1 1 1 1 1 1 1 1 1
 1 1 1 1 1 1 1 1 1 1 1 1 1 1 1 1 1 1 1 1 1 1 1 1 1 1 1 1 1 1 1 1 1 1 1 1 1
 1 1 1 1 1 1 1 1 1 1 1 1 1 1 1 1 1 1 1 1 1 1 1 1 1 1 1 1 1 1 1 1 1 1 1 1 1]

Fit results:
	mode : curve_fit
	par_2: -6.42e-01 +/- 1.3e-02  -->  2.00 %	init : -0.2
	par_1: 6.81e+01 +/- 1.5e+00  -->  2.19 %	init : 1.0
	par_0: 2.631e+03 +/- 4.6e+01  -->  1.75 %	init : 1.0
	corr_par_2-par_1	 = -0.94
	corr_par_2-par_0	 = 0.82
	corr_par_1-par_0	 = -0.96
[[ 1.64498337e-04 -1.80811093e-02  4.82679530e-01]
 [-1.80811093e-02  2.22629463e+00 -6.57428786e+01]
 [ 4.82679530e-01 -6.57428786e+01  2.11003259e+03]]
curve_fit
XERR [1 1 1 1 1 1 1 1 1 1 1 1 1 1 1 1 1 1 1 1 1 1 1 1 1 1 1 1 1 1 1 1 1 1 1 1 1
 1 1 1 1 1 1 1 1 1 1 1 1 1 1 1 1 1 1 1 1 1 1 1 1 1 1 1 1 1 1 1 1 1 1 1 1 1
 1 1 1 1 1 1 1 1 1 1 1 1 1 1 1 1 1 1 1 1 1 1 1 1 1 1 1 1 1 1 1 1 1 1 1 1 1]

Fit results:
	mode : curve_fit
	par_2: -6.46e-01 +/- 1.7e-02  -->  2.65 %	init : -0.2
	par_1: 7.14e+01 +/- 2.0e+00  -->  2.78 %	init : 1.0
	par_0: 2.529e+03 +/- 6.0e+01  -->  2.36 %	init : 1.0
	corr_par_2-par_1	 = -0.95
	corr_par_2-par_0	 = 0.8
	corr_par_1-par_0	 = -0.94
[[ 2.92393818e-04 -3.21842281e-02  8.21244146e-01]
 [-3.21842281e-02  3.92843806e+00 -1.11673296e+02]
 [ 8.21244146e-01 -1.11673296e+02  3.56489760e+03]]
curve_fit
XERR [1 1 1 1 1 1 1 1 1 1 1 1 1 1 1 1 1 1 1 1 1 1 1 1 1 1 1 1 1 1 1 1 1 1 1 1 1
 1 1 1 1 1 1 1 1 1 1 1 1 1 1 1 1 1 1 1 1 1 1 1 1 1 1 1 1 1 1 1 1 1 1 1 1 1
 1 1 1 1 1 1 1 1 1 1 1 1 1 1 1 1 1 1 1 1 1 1 1 1 1 1 1 1 1 1 1 1 1 1 1 1 1]

Fit results:
	mode : curve_fit
	par_2: -6.69e-01 +/- 1.1e-02  -->  1.71 %	init : -0.2
	par_1: 7.51e+01 +/- 1.3e+00  -->  1.77 %	init : 1.0
	par_0: 2.467e+03 +/- 4.1e+01  -->  1.66 %	init : 1.0
	corr_par_2-par_1	 = -0.95
	corr_par_2-par_0	 = 0.8
	corr_par_1-par_0	 = -0.95
[[ 1.31159307e-04 -1.44472492e-02  3.77515923e-01]
 [-1.44472492e-02  1.77299393e+00 -5.17440471e+01]
 [ 3.77515923e-01 -5.17440471e+01  1.68302184e+03]]
curve_fit
XERR [1 1 1 1 1 1 1 1 1 1 1 1 1 1 1 1 1 1 1 1 1 1 1 1 1 1 1 1 1 1 1 1 1 1 1 1 1
 1 1 1 1 1 1 1 1 1 1 1 1 1 1 1 1 1 1 1 1 1 1 1 1 1 1 1 1 1 1 1 1 1 1 1 1 1
 1 1 1 1 1 1 1 1 1 1 1 1 1 1 1 1 1 1 1 1 1 1 1 1 1 1 1 1 1 1 1 1 1 1 1 1 1]

Fit results:
	mode : curve_fit
	par_2: -5.37e-01 +/- 1.1e-02  -->  2.10 %	init : -0.2
	par_1: 5.82e+01 +/- 1.3e+00  -->  2.26 %	init : 1.0
	par_0: 2.729e+03 +/- 4.0e+01  -->  1.46 %	init : 1.0
	corr_par_2-par_1	 = -0.95
	corr_par_2-par_0	 = 0.81
	corr_par_1-par_0	 = -0.95
[[ 1.27718034e-04 -1.40421929e-02  3.65058087e-01]
 [-1.40421929e-02  1.71961676e+00 -4.96534381e+01]
 [ 3.65058087e-01 -4.96534381e+01  1.58748575e+03]]
curve_fit
XERR [1 1 1 1 1 1 1 1 1 1 1 1 1 1 1 1 1 1 1 1 1 1 1 1 1 1 1 1 1 1 1 1 1 1 1 1 1
 1 1 1 1 1 1 1 1 1 1 1 1 1 1 1 1 1 1 1 1 1 1 1 1 1 1 1 1 1 1 1 1 1 1 1 1 1
 1 1 1 1 1 1 1 1 1 1 1 1 1 1 1 1 1 1 1 1 1 1 1 1 1 1 1 1 1 1 1 1 1 1 1 1 1]

Fit results:
	mode : curve_fit
	par_2: -6.59e-01 +/- 1.1e-02  -->  1.63 %	init : -0.2
	par_1: 7.25e+01 +/- 1.2e+00  -->  1.72 %	init : 1.0
	par_0: 2.684e+03 +/- 4.0e+01  -->  1.47 %	init : 1.0
	corr_par_2-par_1	 = -0.94
	corr_par_2-par_0	 = 0.81
	corr_par_1-par_0	 = -0.96
[[ 1.14649541e-04 -1.26107379e-02  3.44583631e-01]
 [-1.26107379e-02  1.56147108e+00 -4.74922448e+01]
 [ 3.44583631e-01 -4.74922448e+01  1.56644985e+03]]
curve_fit
XERR [1 1 1 1 1 1 1 1 1 1 1 1 1 1 1 1 1 1 1 1 1 1 1 1 1 1 1 1 1 1 1 1 1 1 1 1 1
 1 1 1 1 1 1 1 1 1 1 1 1 1 1 1 1 1 1 1 1 1 1 1 1 1 1 1 1 1 1 1 1 1 1 1 1 1
 1 1 1 1 1 1 1 1 1 1 1 1 1 1 1 1 1 1 1 1 1 1 1 1 1 1 1 1 1 1 1 1 1 1 1 1 1]

Fit results:
	mode : curve_fit
	par_2: -7.12e-01 +/- 1.3e-02  -->  1.88 %	init : -0.2
	par_1: 7.81e+01 +/- 1.5e+00  -->  1.98 %	init : 1.0
	par_0: 2.635e+03 +/- 4.7e+01  -->  1.78 %	init : 1.0
	corr_par_2-par_1	 = -0.95
	corr_par_2-par_0	 = 0.81
	corr_par_1-par_0	 = -0.95
[[ 1.78393100e-04 -1.96125391e-02  5.06089023e-01]
 [-1.96125391e-02  2.39796077e+00 -6.89181256e+01]
 [ 5.06089023e-01 -6.89181256e+01  2.20974866e+03]]
curve_fit
XERR [1 1 1 1 1 1 1 1 1 1 1 1 1 1 1 1 1 1 1 1 1 1 1 1 1 1 1 1 1 1 1 1 1 1 1 1 1
 1 1 1 1 1 1 1 1 1 1 1 1 1 1 1 1 1 1 1 1 1 1 1 1 1 1 1 1 1 1 1 1 1 1 1 1 1
 1 1 1 1 1 1 1 1 1 1 1 1 1 1 1 1 1 1 1 1 1 1 1 1 1 1 1 1 1 1 1 1 1 1 1 1 1]

Fit results:
	mode : curve_fit
	par_2: -7.14e-01 +/- 1.4e-02  -->  1.94 %	init : -0.2
	par_1: 7.95e+01 +/- 1.6e+00  -->  2.02 %	init : 1.0
	par_0: 2.528e+03 +/- 4.8e+01  -->  1.90 %	init : 1.0
	corr_par_2-par_1	 = -0.95
	corr_par_2-par_0	 = 0.8
	corr_par_1-par_0	 = -0.94
[[ 1.92227231e-04 -2.11604223e-02  5.34820460e-01]
 [-2.11604223e-02  2.57781193e+00 -7.26844187e+01]
 [ 5.34820460e-01 -7.26844187e+01  2.31704613e+03]]
curve_fit
XERR [1 1 1 1 1 1 1 1 1 1 1 1 1 1 1 1 1 1 1 1 1 1 1 1 1 1 1 1 1 1 1 1 1 1 1 1 1
 1 1 1 1 1 1 1 1 1 1 1 1 1 1 1 1 1 1 1 1 1 1 1 1 1 1 1 1 1 1 1 1 1 1 1 1 1
 1 1 1 1 1 1 1 1 1 1 1 1 1 1 1 1 1 1 1 1 1 1 1 1 1 1 1 1 1 1 1 1 1 1 1 1 1]

Fit results:
	mode : curve_fit
	par_2: -6.92e-01 +/- 1.3e-02  -->  1.88 %	init : -0.2
	par_1: 7.67e+01 +/- 1.5e+00  -->  1.96 %	init : 1.0
	par_0: 2.591e+03 +/- 4.5e+01  -->  1.73 %	init : 1.0
	corr_par_2-par_1	 = -0.95
	corr_par_2-par_0	 = 0.8
	corr_par_1-par_0	 = -0.94
[[ 1.68681911e-04 -1.85687939e-02  4.68567208e-01]
 [-1.85687939e-02  2.26138046e+00 -6.35955712e+01]
 [ 4.68567208e-01 -6.35955712e+01  2.02060525e+03]]
curve_fit
XERR [1 1 1 1 1 1 1 1 1 1 1 1 1 1 1 1 1 1 1 1 1 1 1 1 1 1 1 1 1 1 1 1 1 1 1 1 1
 1 1 1 1 1 1 1 1 1 1 1 1 1 1 1 1 1 1 1 1 1 1 1 1 1 1 1 1 1 1 1 1 1 1 1 1 1
 1 1 1 1 1 1 1 1 1 1 1 1 1 1 1 1 1 1 1 1 1 1 1 1 1 1 1 1 1 1 1 1 1 1 1 1 1]

Fit results:
	mode : curve_fit
	par_2: -6.84e-01 +/- 1.1e-02  -->  1.56 %	init : -0.2
	par_1: 7.79e+01 +/- 1.2e+00  -->  1.60 %	init : 1.0
	par_0: 2.323e+03 +/- 4.0e+01  -->  1.72 %	init : 1.0
	corr_par_2-par_1	 = -0.94
	corr_par_2-par_0	 = 0.8
	corr_par_1-par_0	 = -0.96
[[ 1.13941827e-04 -1.25354348e-02  3.42817296e-01]
 [-1.25354348e-02  1.55239149e+00 -4.75900428e+01]
 [ 3.42817296e-01 -4.75900428e+01  1.59641926e+03]]
curve_fit
XERR [1 1 1 1 1 1 1 1 1 1 1 1 1 1 1 1 1 1 1 1 1 1 1 1 1 1 1 1 1 1 1 1 1 1 1 1 1
 1 1 1 1 1 1 1 1 1 1 1 1 1 1 1 1 1 1 1 1 1 1 1 1 1 1 1 1 1 1 1 1 1 1 1 1 1
 1 1 1 1 1 1 1 1 1 1 1 1 1 1 1 1 1 1 1 1 1 1 1 1 1 1 1 1 1 1 1 1 1 1 1 1 1]

Fit results:
	mode : curve_fit
	par_2: -6.99e-01 +/- 1.1e-02  -->  1.62 %	init : -0.2
	par_1: 7.59e+01 +/- 1.3e+00  -->  1.72 %	init : 1.0
	par_0: 2.672e+03 +/- 3.9e+01  -->  1.45 %	init : 1.0
	corr_par_2-par_1	 = -0.95
	corr_par_2-par_0	 = 0.81
	corr_par_1-par_0	 = -0.94
[[ 1.27408516e-04 -1.40048049e-02  3.53647023e-01]
 [-1.40048049e-02  1.70438522e+00 -4.78471103e+01]
 [ 3.53647023e-01 -4.78471103e+01  1.51014159e+03]]
curve_fit
XERR [1 1 1 1 1 1 1 1 1 1 1 1 1 1 1 1 1 1 1 1 1 1 1 1 1 1 1 1 1 1 1 1 1 1 1 1 1
 1 1 1 1 1 1 1 1 1 1 1 1 1 1 1 1 1 1 1 1 1 1 1 1 1 1 1 1 1 1 1 1 1 1 1 1 1
 1 1 1 1 1 1 1 1 1 1 1 1 1 1 1 1 1 1 1 1 1 1 1 1 1 1 1 1 1 1 1 1 1 1 1 1 1]

Fit results:
	mode : curve_fit
	par_2: -6.84e-01 +/- 1.3e-02  -->  1.89 %	init : -0.2
	par_1: 7.57e+01 +/- 1.5e+00  -->  1.98 %	init : 1.0
	par_0: 2.624e+03 +/- 4.5e+01  -->  1.71 %	init : 1.0
	corr_par_2-par_1	 = -0.95
	corr_par_2-par_0	 = 0.8
	corr_par_1-par_0	 = -0.94
[[ 1.67638775e-04 -1.84536212e-02  4.66705523e-01]
 [-1.84536212e-02  2.24837871e+00 -6.33632845e+01]
 [ 4.66705523e-01 -6.33632845e+01  2.01484012e+03]]
curve_fit
XERR [1 1 1 1 1 1 1 1 1 1 1 1 1 1 1 1 1 1 1 1 1 1 1 1 1 1 1 1 1 1 1 1 1 1 1 1 1
 1 1 1 1 1 1 1 1 1 1 1 1 1 1 1 1 1 1 1 1 1 1 1 1 1 1 1 1 1 1 1 1 1 1 1 1 1
 1 1 1 1 1 1 1 1 1 1 1 1 1 1 1 1 1 1 1 1 1 1 1 1 1 1 1 1 1 1 1 1 1 1 1 1 1]

Fit results:
	mode : curve_fit
	par_2: -6.52e-01 +/- 1.2e-02  -->  1.87 %	init : -0.2
	par_1: 7.11e+01 +/- 1.4e+00  -->  1.98 %	init : 1.0
	par_0: 2.713e+03 +/- 4.2e+01  -->  1.54 %	init : 1.0
	corr_par_2-par_1	 = -0.95
	corr_par_2-par_0	 = 0.8
	corr_par_1-par_0	 = -0.94
[[ 1.48719342e-04 -1.63466964e-02  4.10904100e-01]
 [-1.63466964e-02  1.98748559e+00 -5.55798362e+01]
 [ 4.10904100e-01 -5.55798362e+01  1.75312040e+03]]
curve_fit
XERR [1 1 1 1 1 1 1 1 1 1 1 1 1 1 1 1 1 1 1 1 1 1 1 1 1 1 1 1 1 1 1 1 1 1 1 1 1
 1 1 1 1 1 1 1 1 1 1 1 1 1 1 1 1 1 1 1 1 1 1 1 1 1 1 1 1 1 1 1 1 1 1 1 1 1
 1 1 1 1 1 1 1 1 1 1 1 1 1 1 1 1 1 1 1 1 1 1 1 1 1 1 1 1 1 1 1 1 1 1 1 1 1]

Fit results:
	mode : curve_fit
	par_2: -6.51e-01 +/- 1.2e-02  -->  1.82 %	init : -0.2
	par_1: 7.12e+01 +/- 1.4e+00  -->  1.92 %	init : 1.0
	par_0: 2.644e+03 +/- 4.1e+01  -->  1.55 %	init : 1.0
	corr_par_2-par_1	 = -0.95
	corr_par_2-par_0	 = 0.8
	corr_par_1-par_0	 = -0.94
[[ 1.40318910e-04 -1.54240352e-02  3.89839084e-01]
 [-1.54240352e-02  1.87748936e+00 -5.28236467e+01]
 [ 3.89839084e-01 -5.28236467e+01  1.67339927e+03]]
curve_fit
XERR [1 1 1 1 1 1 1 1 1 1 1 1 1 1 1 1 1 1 1 1 1 1 1 1 1 1 1 1 1 1 1 1 1 1 1 1 1
